----------------------------------
  0 ->  1.00 1.00 1.00 1.00 1.00 1.00 1.00 1.00 1.00 1.00 1.00 1.00
  1 ->  1.00 1.00 1.00 1.00 1.00 1.00 1.00 1.00 1.00 1.00 1.00 1.00
  2 ->  1.00 1.00 10.0 10.0 10.0 10.0 10.0 10.0 10.0 10.0 1.00 1.00
  3 ->  1.00 1.00 10.0 10.0 10.0 10.0 10.0 10.0 10.0 10.0 1.00 1.00
  4 ->  1.00 1.00 10.0 10.0 10.0 10.0 10.0 10.0 10.0 10.0 1.00 1.00
  5 ->  1.00 1.00 10.0 10.0 10.0 10.0 10.0 10.0 10.0 10.0 1.00 1.00
  6 ->  1.00 1.00 10.0 10.0 10.0 10.0 10.0 10.0 10.0 10.0 1.00 1.00
  7 ->  1.00 1.00 10.0 10.0 10.0 10.0 10.0 10.0 10.0 10.0 1.00 1.00
  8 ->  1.00 1.00 10.0 10.0 10.0 10.0 10.0 10.0 10.0 10.0 1.00 1.00
  9 ->  1.00 1.00 10.0 10.0 10.0 10.0 10.0 10.0 10.0 10.0 1.00 1.00
 10 ->  1.00 1.00 1.00 1.00 1.00 1.00 1.00 1.00 1.00 1.00 1.00 1.00
 11 ->  1.00 1.00 1.00 1.00 1.00 1.00 1.00 1.00 1.00 1.00 1.00 1.00
----------------------------------
  0 ->  1.00 1.00 1.00 1.00 1.00 1.00 1.00 1.00 1.00 1.00 1.00 1.00
  1 ->  1.00 1.00 1.00 1.00 1.00 1.00 1.00 1.00 1.00 1.00 1.00 1.00
  2 ->  1.00 1.00 2.17 2.73 3.30 3.55 3.55 3.30 2.73 2.17 1.00 1.00
  3 ->  1.00 1.00 2.73 3.57 4.41 4.78 4.78 4.41 3.57 2.73 1.00 1.00
  4 ->  1.00 1.00 3.30 4.41 5.52 6.01 6.01 5.52 4.41 3.30 1.00 1.00
  5 ->  1.00 1.00 3.55 4.78 6.01 6.55 6.55 6.01 4.78 3.55 1.00 1.00
  6 ->  1.00 1.00 3.55 4.78 6.01 6.55 6.55 6.01 4.78 3.55 1.00 1.00
  7 ->  1.00 1.00 3.30 4.41 5.52 6.01 6.01 5.52 4.41 3.30 1.00 1.00
  8 ->  1.00 1.00 2.73 3.57 4.41 4.78 4.78 4.41 3.57 2.73 1.00 1.00
  9 ->  1.00 1.00 2.17 2.73 3.30 3.55 3.55 3.30 2.73 2.17 1.00 1.00
 10 ->  1.00 1.00 1.00 1.00 1.00 1.00 1.00 1.00 1.00 1.00 1.00 1.00
 11 ->  1.00 1.00 1.00 1.00 1.00 1.00 1.00 1.00 1.00 1.00 1.00 1.00
